zip,month,number_payments,total_payments
10457,2024-03-01T00:00:00Z,1568,2324452.2099999967
10460,2024-03-01T00:00:00Z,1566,2204042.2099999962
10460,2024-02-01T00:00:00Z,1519,2013699.5599999987
10457,2024-02-01T00:00:00Z,1515,2218163.499999998
10457,2024-01-01T00:00:00Z,1459,2125350.3299999963
10460,2024-01-01T00:00:00Z,1439,1841275.7199999995
10457,2023-12-01T00:00:00Z,1404,1990537.1099999985
10467,2024-03-01T00:00:00Z,1349,1932480.1099999978
10460,2023-12-01T00:00:00Z,1336,1720725.9000000004
10467,2024-02-01T00:00:00Z,1323,1880202.5499999977
10467,2024-01-01T00:00:00Z,1293,1832029.7999999982
10456,2024-03-01T00:00:00Z,1258,1721834.9199999995
10456,2024-02-01T00:00:00Z,1254,1672358.859999999
10456,2024-01-01T00:00:00Z,1239,1617650.9799999988
10467,2023-12-01T00:00:00Z,1227,1731926.4299999992
10458,2024-03-01T00:00:00Z,1204,1832315.2400000019
10456,2023-12-01T00:00:00Z,1171,1526231.64
11212,2024-03-01T00:00:00Z,1171,1738896.62
10458,2024-02-01T00:00:00Z,1165,1729190.090000001
11212,2024-02-01T00:00:00Z,1146,1685145.490000001
10458,2024-01-01T00:00:00Z,1131,1637156.2200000002
11207,2024-03-01T00:00:00Z,1119,1695197.5799999998
11207,2024-02-01T00:00:00Z,1114,1690267.4700000018
11212,2024-01-01T00:00:00Z,1113,1626470.3900000018
11207,2024-01-01T00:00:00Z,1088,1635351.260000001
10458,2023-12-01T00:00:00Z,1064,1520577.7100000014
11207,2023-12-01T00:00:00Z,1055,1579344.5600000008
11212,2023-12-01T00:00:00Z,1054,1538692.4900000007
10453,2024-03-01T00:00:00Z,1039,1451279.7200000007
10459,2024-03-01T00:00:00Z,1024,1500320.130000001
10453,2024-02-01T00:00:00Z,1014,1398063.7499999998
10459,2024-02-01T00:00:00Z,1000,1450580.9800000007
10466,2024-03-01T00:00:00Z,995,1510113.099999999
10466,2024-01-01T00:00:00Z,990,1461229.3099999996
10466,2024-02-01T00:00:00Z,982,1477208.9199999992
10453,2024-01-01T00:00:00Z,978,1338696.1200000003
10459,2024-01-01T00:00:00Z,968,1411431.6100000008
10466,2023-12-01T00:00:00Z,935,1373108.4000000006
11691,2024-03-01T00:00:00Z,916,1280520.320000001
10452,2024-03-01T00:00:00Z,914,1267875.2299999984
11691,2024-02-01T00:00:00Z,910,1262490.030000002
10459,2023-12-01T00:00:00Z,902,1341076.5099999988
10453,2023-12-01T00:00:00Z,900,1198349.1300000004
11691,2024-01-01T00:00:00Z,887,1210741.4100000008
10452,2024-02-01T00:00:00Z,881,1184910.0899999982
11208,2024-03-01T00:00:00Z,862,1253763.2300000007
11208,2024-01-01T00:00:00Z,855,1206823.3000000007
11208,2024-02-01T00:00:00Z,851,1214317.9400000009
10452,2024-01-01T00:00:00Z,841,1113545.0799999996
10451,2024-03-01T00:00:00Z,825,1038275.6100000013
11208,2023-12-01T00:00:00Z,822,1157816.59
11691,2023-12-01T00:00:00Z,820,1105799.4200000006
10451,2024-02-01T00:00:00Z,805,1004044.7400000013
10452,2023-12-01T00:00:00Z,802,1070359.8600000008
10451,2024-01-01T00:00:00Z,775,950062.5500000012
10472,2024-03-01T00:00:00Z,770,1173571.6699999992
10472,2024-02-01T00:00:00Z,763,1142406.949999999
10472,2024-01-01T00:00:00Z,748,1108032.0399999989
10472,2023-12-01T00:00:00Z,722,1069395.4099999995
10451,2023-12-01T00:00:00Z,707,833512.0000000008
10455,2024-03-01T00:00:00Z,701,1024781.9100000008
10455,2024-02-01T00:00:00Z,692,1004130.2500000006
10469,2024-03-01T00:00:00Z,679,1060198.31
10455,2024-01-01T00:00:00Z,676,974221.4900000001
10468,2024-03-01T00:00:00Z,675,921174.2500000001
11233,2024-03-01T00:00:00Z,671,960706.6099999994
10469,2024-01-01T00:00:00Z,668,1019023.8900000001
10469,2024-02-01T00:00:00Z,668,1028114.62
11233,2024-02-01T00:00:00Z,658,932537.3999999996
10455,2023-12-01T00:00:00Z,651,943393.550000001
11233,2024-01-01T00:00:00Z,649,892055.3299999996
11226,2024-03-01T00:00:00Z,644,1112305.9700000011
11226,2024-02-01T00:00:00Z,630,1091636.5800000005
11226,2024-01-01T00:00:00Z,621,1077925.310000001
10468,2024-02-01T00:00:00Z,616,798655.9299999999
10469,2023-12-01T00:00:00Z,614,917000.1400000004
11233,2023-12-01T00:00:00Z,614,835510.5599999997
10468,2024-01-01T00:00:00Z,593,737861.4600000005
10462,2024-03-01T00:00:00Z,579,811605.5599999997
11226,2023-12-01T00:00:00Z,579,995799.7999999995
10301,2024-03-01T00:00:00Z,549,839648.05
10301,2024-02-01T00:00:00Z,545,824011.7699999999
10462,2024-02-01T00:00:00Z,545,748326.6399999998
10301,2024-01-01T00:00:00Z,543,806569.9599999996
10462,2024-01-01T00:00:00Z,538,736415.3299999998
10468,2023-12-01T00:00:00Z,537,659863.3299999998
10301,2023-12-01T00:00:00Z,518,773653.6900000005
10462,2023-12-01T00:00:00Z,493,669742.7100000003
11435,2024-03-01T00:00:00Z,467,866646.0899999997
11203,2024-02-01T00:00:00Z,457,734688.2899999997
11203,2024-03-01T00:00:00Z,455,721041.3399999996
11435,2024-02-01T00:00:00Z,446,828216.0199999999
11203,2024-01-01T00:00:00Z,445,689372.4900000001
11221,2024-03-01T00:00:00Z,435,651431.1
11221,2024-02-01T00:00:00Z,432,639197.69
11221,2024-01-01T00:00:00Z,426,630204.61
11435,2024-01-01T00:00:00Z,422,780613.0000000001
11236,2024-03-01T00:00:00Z,419,644274.9800000001
11221,2023-12-01T00:00:00Z,416,617458.6699999999
11203,2023-12-01T00:00:00Z,413,639584.6299999999
11236,2024-02-01T00:00:00Z,399,609890.28
11236,2024-01-01T00:00:00Z,395,595766.29
11435,2023-12-01T00:00:00Z,388,725960.3900000002
10454,2024-03-01T00:00:00Z,376,504354.63000000035
11236,2023-12-01T00:00:00Z,373,545392.8
11210,2024-03-01T00:00:00Z,370,731721.4600000001
11213,2024-03-01T00:00:00Z,363,537191.3600000001
11433,2024-01-01T00:00:00Z,362,492178.16
11433,2024-03-01T00:00:00Z,362,501057.7399999999
11433,2024-02-01T00:00:00Z,361,494440.9899999999
11213,2024-02-01T00:00:00Z,359,530535.2300000002
11210,2024-02-01T00:00:00Z,355,673377.8300000002
10454,2024-02-01T00:00:00Z,354,463441.30000000045
11213,2024-01-01T00:00:00Z,351,517716.2
11433,2023-12-01T00:00:00Z,351,475643.70999999973
10304,2024-02-01T00:00:00Z,350,484604.74000000005
10304,2024-03-01T00:00:00Z,347,477062.0600000001
10454,2024-01-01T00:00:00Z,339,431259.7200000004
11210,2024-01-01T00:00:00Z,338,628674.9900000002
10304,2024-01-01T00:00:00Z,334,450915.17999999993
11210,2023-12-01T00:00:00Z,326,606663.01
10454,2023-12-01T00:00:00Z,319,405286.9200000002
10473,2024-03-01T00:00:00Z,319,462521.50000000006
10473,2024-02-01T00:00:00Z,317,449064.87
11213,2023-12-01T00:00:00Z,315,459086.09000000026
10304,2023-12-01T00:00:00Z,309,418047.64000000013
10473,2024-01-01T00:00:00Z,300,427236.17000000004
10025,2024-02-01T00:00:00Z,295,372754.29
11224,2024-02-01T00:00:00Z,294,372035.8300000002
10025,2024-01-01T00:00:00Z,293,368280.97
10025,2024-03-01T00:00:00Z,293,370057.6799999999
11224,2024-03-01T00:00:00Z,290,373401.51000000007
11224,2024-01-01T00:00:00Z,288,364924.7400000001
10473,2023-12-01T00:00:00Z,286,401226.9500000001
10025,2023-12-01T00:00:00Z,285,356063.7599999998
10461,2024-02-01T00:00:00Z,283,426808.99999999994
10461,2024-03-01T00:00:00Z,282,429358.00999999995
11224,2023-12-01T00:00:00Z,281,353379.14
10029,2024-03-01T00:00:00Z,278,384515.1600000004
10461,2024-01-01T00:00:00Z,278,415753.3099999998
11206,2024-03-01T00:00:00Z,278,415161.3000000001
10030,2024-03-01T00:00:00Z,276,385888.1500000001
10470,2024-03-01T00:00:00Z,275,409847.2899999999
11434,2024-03-01T00:00:00Z,275,386612.9800000001
10474,2024-01-01T00:00:00Z,274,354435.33
10029,2024-01-01T00:00:00Z,273,384403.57000000036
11206,2024-02-01T00:00:00Z,273,407858.03000000014
11434,2024-02-01T00:00:00Z,273,381514.5000000002
11412,2024-03-01T00:00:00Z,272,357042.08000000013
10029,2024-02-01T00:00:00Z,271,386209.16000000027
10474,2024-02-01T00:00:00Z,271,349859.08000000013
10474,2024-03-01T00:00:00Z,270,350266.63000000024
10470,2024-02-01T00:00:00Z,269,396621.55
11412,2024-02-01T00:00:00Z,269,348815.4300000002
10030,2024-02-01T00:00:00Z,268,376196.22
10029,2023-12-01T00:00:00Z,266,372065.4400000002
11434,2024-01-01T00:00:00Z,266,357229.28
11206,2024-01-01T00:00:00Z,264,391569.07000000007
11412,2024-01-01T00:00:00Z,263,330305.93000000005
11206,2023-12-01T00:00:00Z,262,385142.72
10470,2024-01-01T00:00:00Z,260,377262.48
10030,2024-01-01T00:00:00Z,258,361662.30000000005
11434,2023-12-01T00:00:00Z,254,335091.53999999986
10474,2023-12-01T00:00:00Z,251,326523.99
10461,2023-12-01T00:00:00Z,250,369588.72000000015
11692,2024-02-01T00:00:00Z,247,322966.73999999964
11692,2024-03-01T00:00:00Z,246,332088.9099999998
10470,2023-12-01T00:00:00Z,244,348701.08999999997
11692,2024-01-01T00:00:00Z,244,315742.01999999967
11412,2023-12-01T00:00:00Z,243,307561.13000000006
10030,2023-12-01T00:00:00Z,242,337959.37000000017
10303,2024-01-01T00:00:00Z,242,375758.8400000001
10303,2024-02-01T00:00:00Z,239,379196.47
10039,2024-02-01T00:00:00Z,236,279369.89000000025
10039,2024-03-01T00:00:00Z,236,281786.14000000013
10303,2024-03-01T00:00:00Z,235,377244.50999999995
10039,2024-01-01T00:00:00Z,233,273964.96
11694,2024-02-01T00:00:00Z,231,292076.98000000016
11694,2024-01-01T00:00:00Z,230,283928.09000000014
11225,2024-03-01T00:00:00Z,229,369273.15999999986
11694,2024-03-01T00:00:00Z,228,294433.8800000002
10027,2024-02-01T00:00:00Z,226,289235.7499999999
11225,2024-02-01T00:00:00Z,226,365596.17999999993
10027,2024-03-01T00:00:00Z,224,289929.27999999985
10037,2024-03-01T00:00:00Z,224,282368.32000000007
10303,2023-12-01T00:00:00Z,224,346619.6400000001
10027,2024-01-01T00:00:00Z,221,287058.64999999985
10039,2023-12-01T00:00:00Z,220,254669.56000000003
11225,2024-01-01T00:00:00Z,220,350799.8299999998
10037,2024-02-01T00:00:00Z,219,275813.5900000001
10037,2024-01-01T00:00:00Z,217,270340.6700000001
11101,2024-01-01T00:00:00Z,217,351703.69999999966
11101,2024-03-01T00:00:00Z,217,355763.1799999997
11692,2023-12-01T00:00:00Z,216,282510.88000000006
11694,2023-12-01T00:00:00Z,216,265350.0200000001
11101,2024-02-01T00:00:00Z,213,347226.32999999984
10027,2023-12-01T00:00:00Z,212,270837.04
10031,2024-03-01T00:00:00Z,210,242917.69000000012
11225,2023-12-01T00:00:00Z,209,336625.79999999976
10035,2024-03-01T00:00:00Z,208,271475.2300000003
10035,2024-02-01T00:00:00Z,207,270738.06000000023
11101,2023-12-01T00:00:00Z,206,333551.7800000001
10031,2024-02-01T00:00:00Z,205,238959.34000000014
10037,2023-12-01T00:00:00Z,201,253502.09000000003
10035,2024-01-01T00:00:00Z,200,260849.66000000003
10302,2024-03-01T00:00:00Z,200,308762.9600000001
10031,2024-01-01T00:00:00Z,196,223698.15000000014
10310,2024-03-01T00:00:00Z,194,288851.7799999999
10035,2023-12-01T00:00:00Z,193,255313.58000000005
11368,2024-03-01T00:00:00Z,192,272630.66999999987
10302,2024-01-01T00:00:00Z,191,280925.7200000001
10302,2024-02-01T00:00:00Z,191,290730.3700000001
11216,2024-03-01T00:00:00Z,191,263151.1
11216,2024-01-01T00:00:00Z,190,254743.84000000005
10310,2024-02-01T00:00:00Z,189,278850.31000000006
11216,2023-12-01T00:00:00Z,188,253097.17
10310,2024-01-01T00:00:00Z,186,271839.29000000004
11216,2024-02-01T00:00:00Z,186,250316.40000000002
11368,2024-02-01T00:00:00Z,185,260017.30999999994
10463,2024-02-01T00:00:00Z,184,259237.03999999995
10463,2024-03-01T00:00:00Z,184,264973.10999999987
11368,2024-01-01T00:00:00Z,183,256729.4799999999
10031,2023-12-01T00:00:00Z,182,207908.97000000003
10302,2023-12-01T00:00:00Z,181,269394.8599999999
11238,2024-03-01T00:00:00Z,181,244592.93000000008
11217,2024-01-01T00:00:00Z,180,152900.0900000001
11217,2024-02-01T00:00:00Z,179,154084.12000000008
10463,2024-01-01T00:00:00Z,177,244987.4699999999
10310,2023-12-01T00:00:00Z,176,254127.71000000005
11217,2024-03-01T00:00:00Z,176,146362.0300000001
11238,2024-02-01T00:00:00Z,176,236027.62000000002
11368,2023-12-01T00:00:00Z,175,247395.28999999992
11238,2024-01-01T00:00:00Z,171,226192.26000000007
11217,2023-12-01T00:00:00Z,170,145251.82000000004
10040,2024-03-01T00:00:00Z,169,248603.72999999998
11239,2024-03-01T00:00:00Z,166,184315.12999999995
11239,2024-02-01T00:00:00Z,165,184006.78999999998
10040,2024-02-01T00:00:00Z,164,244059.59999999995
10463,2023-12-01T00:00:00Z,164,213492.35999999996
10032,2024-03-01T00:00:00Z,162,216150.91000000003
10032,2024-02-01T00:00:00Z,161,219818.03
11239,2024-01-01T00:00:00Z,161,177867.96
10032,2024-01-01T00:00:00Z,160,213909.44
11432,2024-03-01T00:00:00Z,159,242095.9999999999
10040,2024-01-01T00:00:00Z,158,233452.3399999999
11238,2023-12-01T00:00:00Z,158,212692.39000000004
11432,2024-02-01T00:00:00Z,156,238057.72999999992
11432,2024-01-01T00:00:00Z,152,223844.9599999999
10032,2023-12-01T00:00:00Z,150,202705.81000000003
10033,2024-03-01T00:00:00Z,149,213883.06999999992
11432,2023-12-01T00:00:00Z,146,213216.32999999996
11239,2023-12-01T00:00:00Z,144,163317.67999999996
10040,2023-12-01T00:00:00Z,142,214241.24999999994
10306,2024-03-01T00:00:00Z,138,202466.78
10033,2024-01-01T00:00:00Z,136,193665.03999999995
10465,2024-03-01T00:00:00Z,136,213612.64999999994
10033,2024-02-01T00:00:00Z,135,195201.65999999992
10034,2024-03-01T00:00:00Z,135,187599.66000000015
11413,2024-01-01T00:00:00Z,135,209516.33
11413,2024-03-01T00:00:00Z,132,216124.01
10034,2024-01-01T00:00:00Z,130,177415.6300000001
10306,2024-01-01T00:00:00Z,130,187398.80999999997
11413,2023-12-01T00:00:00Z,130,196782.42
10465,2024-02-01T00:00:00Z,129,198013.3199999999
10033,2023-12-01T00:00:00Z,128,185709.7
10306,2024-02-01T00:00:00Z,128,188484.10999999996
10465,2024-01-01T00:00:00Z,128,197128.0399999999
11234,2024-03-01T00:00:00Z,128,209542.85
10305,2024-03-01T00:00:00Z,127,177612.44999999998
11385,2024-03-01T00:00:00Z,127,237282.66000000003
11222,2024-03-01T00:00:00Z,126,193129.57999999996
11413,2024-02-01T00:00:00Z,126,199845.63
10034,2024-02-01T00:00:00Z,125,170049.73000000007
11385,2024-02-01T00:00:00Z,125,228383.23
11234,2024-02-01T00:00:00Z,123,202875.16000000003
10465,2023-12-01T00:00:00Z,122,190756.96
10305,2024-02-01T00:00:00Z,121,161846.17000000004
10306,2023-12-01T00:00:00Z,121,173784.35
11234,2024-01-01T00:00:00Z,121,189898.33000000002
10314,2024-02-01T00:00:00Z,119,187217.36999999994
11385,2024-01-01T00:00:00Z,119,218556.11000000002
10305,2024-01-01T00:00:00Z,118,156342.40000000002
10314,2024-03-01T00:00:00Z,118,185473.24999999994
11230,2024-01-01T00:00:00Z,116,204059.16
11230,2024-03-01T00:00:00Z,116,204550.34000000003
10034,2023-12-01T00:00:00Z,115,158822.92000000004
10002,2024-03-01T00:00:00Z,114,132309.66999999998
10314,2024-01-01T00:00:00Z,114,177889.5399999999
10002,2024-01-01T00:00:00Z,113,126086.82999999996
11230,2024-02-01T00:00:00Z,113,202253.96000000002
11385,2023-12-01T00:00:00Z,113,205329.82999999996
10305,2023-12-01T00:00:00Z,112,148925.85000000003
11230,2023-12-01T00:00:00Z,112,203094.48999999996
11234,2023-12-01T00:00:00Z,112,177458.07000000004
11222,2024-02-01T00:00:00Z,111,162892.84
10002,2024-02-01T00:00:00Z,110,127515.54999999999
10314,2023-12-01T00:00:00Z,110,172322.52000000002
11237,2024-03-01T00:00:00Z,110,169946.64
10036,2024-03-01T00:00:00Z,109,95135.08999999998
11237,2024-01-01T00:00:00Z,108,169871.65
11422,2024-01-01T00:00:00Z,108,164992.01000000004
11102,2024-03-01T00:00:00Z,107,166405.55999999994
10026,2024-01-01T00:00:00Z,106,158488.18000000005
11420,2024-03-01T00:00:00Z,106,173913.41
10036,2024-02-01T00:00:00Z,105,90547.26999999999
11423,2024-02-01T00:00:00Z,105,147037.47
11237,2023-12-01T00:00:00Z,104,164588.76000000007
11416,2024-01-01T00:00:00Z,104,149521.62000000002
10002,2023-12-01T00:00:00Z,103,115490.74999999997
10026,2024-02-01T00:00:00Z,103,159027.82
10026,2024-03-01T00:00:00Z,103,159514.92
10036,2024-01-01T00:00:00Z,103,87178.04999999997
11237,2024-02-01T00:00:00Z,103,155462.50999999998
11422,2024-02-01T00:00:00Z,103,157894.15000000005
11422,2024-03-01T00:00:00Z,103,156365.83000000005
11423,2024-03-01T00:00:00Z,103,142501.25
11422,2023-12-01T00:00:00Z,102,149630.99
10026,2023-12-01T00:00:00Z,100,154289.82000000004
11416,2024-02-01T00:00:00Z,100,146826.53
11420,2024-02-01T00:00:00Z,100,160381.16
11423,2024-01-01T00:00:00Z,100,139072.78000000003
11416,2023-12-01T00:00:00Z,99,142756.52000000005
11416,2024-03-01T00:00:00Z,99,144090.59000000003
10036,2023-12-01T00:00:00Z,98,83641.37
11222,2024-01-01T00:00:00Z,98,136495.02000000002
11423,2023-12-01T00:00:00Z,98,134100.39999999997
11102,2024-02-01T00:00:00Z,97,154445.78999999995
11102,2024-01-01T00:00:00Z,95,144075.36
11355,2024-02-01T00:00:00Z,93,125279.38000000002
11201,2024-01-01T00:00:00Z,92,137005.45000000007
11420,2024-01-01T00:00:00Z,92,143675.28
11201,2023-12-01T00:00:00Z,91,132414.00000000003
11201,2024-03-01T00:00:00Z,91,134496.84000000005
11355,2024-03-01T00:00:00Z,91,124341.24
11355,2024-01-01T00:00:00Z,90,120692.16000000002
11436,2024-01-01T00:00:00Z,90,134142.16999999998
11436,2024-03-01T00:00:00Z,90,136415.09000000003
11220,2024-03-01T00:00:00Z,88,123999.56999999998
11222,2023-12-01T00:00:00Z,88,123534.60999999999
11421,2024-03-01T00:00:00Z,88,136762.65999999997
11201,2024-02-01T00:00:00Z,87,126892.42000000004
11421,2024-02-01T00:00:00Z,87,128107.06999999999
11436,2024-02-01T00:00:00Z,87,130470.65000000001
11375,2024-03-01T00:00:00Z,85,133196.21999999997
11420,2023-12-01T00:00:00Z,85,135489.34999999995
11436,2023-12-01T00:00:00Z,84,127366.11
10019,2024-01-01T00:00:00Z,83,117583.00999999997
10019,2024-03-01T00:00:00Z,83,124793.58999999998
11102,2023-12-01T00:00:00Z,83,126804.26999999999
11214,2023-12-01T00:00:00Z,83,100402.52
11220,2024-02-01T00:00:00Z,83,114502.22
11355,2023-12-01T00:00:00Z,83,108358.65999999997
11375,2024-02-01T00:00:00Z,83,127412.53999999998
10019,2023-12-01T00:00:00Z,82,118408.30999999998
10019,2024-02-01T00:00:00Z,81,119388.86999999997
11214,2024-01-01T00:00:00Z,81,98578.30999999998
11220,2023-12-01T00:00:00Z,81,111799.90999999999
11220,2024-01-01T00:00:00Z,81,109559.01999999999
10471,2024-02-01T00:00:00Z,80,108581.3
11214,2024-02-01T00:00:00Z,80,97936.71999999999
11214,2024-03-01T00:00:00Z,79,98772.84000000001
11375,2024-01-01T00:00:00Z,79,119756.28999999996
11421,2024-01-01T00:00:00Z,79,117175.01
10471,2024-01-01T00:00:00Z,78,104618.15000000001
10471,2024-03-01T00:00:00Z,78,106338.47
10001,2024-02-01T00:00:00Z,77,57934.450000000004
11417,2024-03-01T00:00:00Z,76,127987.16000000002
10001,2024-03-01T00:00:00Z,75,56577.00000000001
10001,2024-01-01T00:00:00Z,74,56363.58
11418,2024-01-01T00:00:00Z,74,108331.29999999999
11418,2024-03-01T00:00:00Z,74,113329.84999999998
10471,2023-12-01T00:00:00Z,73,97489.63
11417,2024-01-01T00:00:00Z,73,119127.87000000001
11421,2023-12-01T00:00:00Z,73,108777.55
11205,2024-03-01T00:00:00Z,72,126166.29999999994
11417,2024-02-01T00:00:00Z,72,119579.34000000001
11418,2023-12-01T00:00:00Z,72,106688.71999999999
11429,2024-02-01T00:00:00Z,72,101605.73999999999
11429,2024-03-01T00:00:00Z,72,102621.37
10001,2023-12-01T00:00:00Z,71,53521.24
11205,2024-02-01T00:00:00Z,71,125921.85999999994
11418,2024-02-01T00:00:00Z,71,106663.19999999998
11375,2023-12-01T00:00:00Z,69,106676.57999999997
11429,2024-01-01T00:00:00Z,68,93377.68999999999
11223,2023-12-01T00:00:00Z,67,120800.92999999998
11229,2024-02-01T00:00:00Z,67,90399.73
11223,2024-01-01T00:00:00Z,66,118918.82
11223,2024-02-01T00:00:00Z,66,118292.13
11223,2024-03-01T00:00:00Z,66,118640.55
11229,2024-03-01T00:00:00Z,66,88765.63
11419,2024-03-01T00:00:00Z,66,111230.92000000004
11205,2024-01-01T00:00:00Z,65,108421.74999999996
11235,2024-03-01T00:00:00Z,65,87497.09999999999
11419,2024-01-01T00:00:00Z,65,109298.81000000004
11429,2023-12-01T00:00:00Z,65,87529.34999999999
11229,2024-01-01T00:00:00Z,64,83952.95000000001
11235,2024-01-01T00:00:00Z,64,83490.81
11419,2024-02-01T00:00:00Z,64,104721.32000000004
10016,2024-01-01T00:00:00Z,63,65129.170000000006
10016,2024-02-01T00:00:00Z,63,64866.09000000001
10016,2024-03-01T00:00:00Z,63,65570.50000000001
11235,2024-02-01T00:00:00Z,63,83999.16
11417,2023-12-01T00:00:00Z,63,105551.65999999999
11211,2024-03-01T00:00:00Z,62,98363.12999999998
11235,2023-12-01T00:00:00Z,62,81675.59
10023,2024-02-01T00:00:00Z,61,48058.30999999998
11419,2023-12-01T00:00:00Z,61,98561.00000000001
10016,2023-12-01T00:00:00Z,60,59633.88
10023,2024-03-01T00:00:00Z,59,48416.13999999996
11229,2023-12-01T00:00:00Z,59,78059.31999999999
10044,2024-02-01T00:00:00Z,58,87201.94
10044,2024-03-01T00:00:00Z,58,87143.17
11205,2023-12-01T00:00:00Z,58,92899.02999999998
10044,2024-01-01T00:00:00Z,57,84100.99
10044,2023-12-01T00:00:00Z,55,81735.58
10023,2024-01-01T00:00:00Z,54,41145.13
11249,2024-03-01T00:00:00Z,53,41810.02999999999
11211,2024-02-01T00:00:00Z,51,74700.2
11249,2024-02-01T00:00:00Z,51,40580.66999999999
11428,2024-03-01T00:00:00Z,51,82213.86
10023,2023-12-01T00:00:00Z,50,38904.4
11374,2024-03-01T00:00:00Z,50,78169.14000000001
11374,2024-02-01T00:00:00Z,48,74879.59
11693,2023-12-01T00:00:00Z,48,56938.560000000005
11377,2024-02-01T00:00:00Z,47,65122.89
11204,2024-01-01T00:00:00Z,46,55142.07000000001
11249,2023-12-01T00:00:00Z,46,36206.079999999994
11249,2024-01-01T00:00:00Z,46,35402.58999999999
11354,2024-03-01T00:00:00Z,46,72951.65999999999
11374,2024-01-01T00:00:00Z,46,74150.63
11428,2024-01-01T00:00:00Z,46,72306.29
11204,2023-12-01T00:00:00Z,45,54488.490000000005
11211,2023-12-01T00:00:00Z,45,63672.88000000001
11211,2024-01-01T00:00:00Z,45,63448.800000000025
11415,2024-01-01T00:00:00Z,45,69172.13000000002
11415,2024-02-01T00:00:00Z,45,70656.29
11415,2024-03-01T00:00:00Z,45,72398.39999999998
11377,2024-03-01T00:00:00Z,44,62476.060000000005
11428,2024-02-01T00:00:00Z,44,70702.21999999999
10475,2024-02-01T00:00:00Z,43,55443.21
10475,2024-03-01T00:00:00Z,43,56395.530000000006
11204,2024-02-01T00:00:00Z,43,51565.310000000005
11428,2023-12-01T00:00:00Z,43,66838.11
11204,2024-03-01T00:00:00Z,42,50014.39000000001
11354,2024-02-01T00:00:00Z,42,68377.9
11374,2023-12-01T00:00:00Z,42,66681.25
11377,2024-01-01T00:00:00Z,42,59687.36000000001
11415,2023-12-01T00:00:00Z,42,63851.10000000001
11693,2024-03-01T00:00:00Z,42,56045.01000000002
11218,2024-02-01T00:00:00Z,41,64660.37999999999
11219,2024-03-01T00:00:00Z,41,53114.03000000002
11354,2024-01-01T00:00:00Z,41,65952.36
10475,2024-01-01T00:00:00Z,40,49400.21
11218,2024-03-01T00:00:00Z,40,64694.679999999986
11219,2024-02-01T00:00:00Z,40,50243.43000000002
11372,2024-02-01T00:00:00Z,40,57879.89
11372,2024-03-01T00:00:00Z,40,60259.45
11377,2023-12-01T00:00:00Z,40,56288.21000000001
11219,2023-12-01T00:00:00Z,39,49372.03999999999
11219,2024-01-01T00:00:00Z,39,48548.38000000002
11693,2024-01-01T00:00:00Z,39,52935.430000000015
10309,2024-03-01T00:00:00Z,38,53279.51999999999
11209,2024-01-01T00:00:00Z,38,47923.83
11218,2024-01-01T00:00:00Z,38,59185.64999999999
11693,2024-02-01T00:00:00Z,38,50907.53000000001
10312,2024-01-01T00:00:00Z,37,53051.42999999999
11209,2024-02-01T00:00:00Z,37,46525.05000000001
11209,2024-03-01T00:00:00Z,37,47770.26
11411,2024-02-01T00:00:00Z,37,54973.78
11411,2024-03-01T00:00:00Z,37,54541.159999999996
10069,2024-01-01T00:00:00Z,36,28222.429999999993
10069,2024-02-01T00:00:00Z,36,28172.429999999993
10312,2024-02-01T00:00:00Z,36,51162.63
10312,2024-03-01T00:00:00Z,36,52462.93
10475,2023-12-01T00:00:00Z,36,45211.310000000005
11218,2023-12-01T00:00:00Z,36,56423.35999999999
10069,2024-03-01T00:00:00Z,35,26419.48999999999
10309,2024-02-01T00:00:00Z,35,47459.999999999985
11354,2023-12-01T00:00:00Z,35,54806.780000000006
11373,2024-01-01T00:00:00Z,35,42596.63000000001
11373,2024-02-01T00:00:00Z,35,42771.48000000001
11373,2024-03-01T00:00:00Z,35,42779.500000000015
11411,2024-01-01T00:00:00Z,35,50318.700000000004
10309,2024-01-01T00:00:00Z,34,45421.25999999998
11209,2023-12-01T00:00:00Z,34,41641.04
11372,2023-12-01T00:00:00Z,34,50285.97
11373,2023-12-01T00:00:00Z,34,41153.18000000001
11411,2023-12-01T00:00:00Z,34,48879.700000000004
10069,2023-12-01T00:00:00Z,33,27278.069999999996
10312,2023-12-01T00:00:00Z,33,45429.20999999999
11106,2024-02-01T00:00:00Z,33,50743.18999999999
11106,2024-03-01T00:00:00Z,33,50519.569999999985
11372,2024-01-01T00:00:00Z,33,48263.26999999999
11106,2024-01-01T00:00:00Z,32,47515.94999999999
10009,2024-02-01T00:00:00Z,31,24892.219999999998
10309,2023-12-01T00:00:00Z,31,40138.03
11104,2024-03-01T00:00:00Z,31,36432.36
11367,2024-02-01T00:00:00Z,31,39545.58
10003,2024-03-01T00:00:00Z,30,28881.659999999996
10009,2024-01-01T00:00:00Z,30,22871.659999999993
11106,2023-12-01T00:00:00Z,30,46057.46
10009,2023-12-01T00:00:00Z,29,21812.120000000003
10009,2024-03-01T00:00:00Z,29,23210.76
10024,2024-01-01T00:00:00Z,29,30432.040000000005
10024,2024-03-01T00:00:00Z,29,29962.000000000004
11367,2024-01-01T00:00:00Z,29,37374.86
11367,2024-03-01T00:00:00Z,29,37058.33000000001
10003,2024-01-01T00:00:00Z,28,26229.739999999994
10024,2024-02-01T00:00:00Z,28,29670.63
10003,2023-12-01T00:00:00Z,27,27136.789999999994
11104,2024-02-01T00:00:00Z,27,33470.35999999999
11367,2023-12-01T00:00:00Z,27,34788.32000000001
10003,2024-02-01T00:00:00Z,26,24281.689999999995
10464,2024-02-01T00:00:00Z,26,39799.020000000004
10464,2024-03-01T00:00:00Z,26,39168.09
11104,2023-12-01T00:00:00Z,26,32720.360000000008
10464,2024-01-01T00:00:00Z,25,37860.46000000001
10024,2023-12-01T00:00:00Z,24,26158.55
11104,2024-01-01T00:00:00Z,24,30143.239999999994
10308,2024-03-01T00:00:00Z,23,36419.67999999999
10464,2023-12-01T00:00:00Z,23,33674.74
11232,2024-03-01T00:00:00Z,23,35577.700000000004
10022,2023-12-01T00:00:00Z,22,22184.79
10022,2024-01-01T00:00:00Z,21,21043.03
11232,2024-01-01T00:00:00Z,21,30568.65
11232,2024-02-01T00:00:00Z,21,30514.320000000003
11369,2024-03-01T00:00:00Z,21,27907.18
10018,2024-03-01T00:00:00Z,20,19339.64
10022,2024-02-01T00:00:00Z,20,20468.87
10307,2023-12-01T00:00:00Z,20,29642.83
10307,2024-01-01T00:00:00Z,20,29119.52
10307,2024-02-01T00:00:00Z,20,29119.52
10307,2024-03-01T00:00:00Z,20,29119.52
11369,2023-12-01T00:00:00Z,20,27912.45
11369,2024-01-01T00:00:00Z,20,26883.85
11369,2024-02-01T00:00:00Z,20,26920.03
10018,2024-01-01T00:00:00Z,19,18584.649999999994
10018,2024-02-01T00:00:00Z,19,18608.219999999994
10022,2024-03-01T00:00:00Z,19,19821.43
10308,2024-02-01T00:00:00Z,19,26950.070000000007
11215,2024-02-01T00:00:00Z,19,20692.559999999998
11232,2023-12-01T00:00:00Z,19,25908.209999999995
11215,2024-01-01T00:00:00Z,18,19365.559999999998
11215,2024-03-01T00:00:00Z,18,20907.559999999998
11228,2023-12-01T00:00:00Z,18,22456.21
11228,2024-01-01T00:00:00Z,18,22456.21
11228,2024-03-01T00:00:00Z,18,22842.089999999997
11414,2024-03-01T00:00:00Z,18,29154.080000000005
10010,2024-02-01T00:00:00Z,17,18403.860000000004
10018,2023-12-01T00:00:00Z,17,17715.94
11228,2024-02-01T00:00:00Z,17,21705.039999999997
11356,2024-01-01T00:00:00Z,17,21064.94
11356,2024-02-01T00:00:00Z,17,23870.07
11356,2024-03-01T00:00:00Z,17,23463.98
11414,2024-01-01T00:00:00Z,17,24448.170000000006
10010,2024-03-01T00:00:00Z,16,19157.81
10038,2023-12-01T00:00:00Z,16,7955.36
10038,2024-01-01T00:00:00Z,16,7879.8499999999995
10038,2024-02-01T00:00:00Z,16,7904.69
10038,2024-03-01T00:00:00Z,16,7871.259999999999
10308,2024-01-01T00:00:00Z,16,22119.47000000001
11105,2024-02-01T00:00:00Z,16,16207.68
11356,2023-12-01T00:00:00Z,16,19975.17
11414,2023-12-01T00:00:00Z,16,23013.170000000002
11414,2024-02-01T00:00:00Z,16,24062.590000000004
10011,2024-03-01T00:00:00Z,15,17437.15
10028,2023-12-01T00:00:00Z,15,23602.22
11103,2024-03-01T00:00:00Z,15,16769.35
11105,2024-01-01T00:00:00Z,15,15238.48
11105,2024-03-01T00:00:00Z,15,15543.880000000003
11231,2023-12-01T00:00:00Z,15,13223.980000000001
11231,2024-01-01T00:00:00Z,15,14018.55
11231,2024-02-01T00:00:00Z,15,14018.55
11231,2024-03-01T00:00:00Z,15,14121.229999999998
11358,2024-02-01T00:00:00Z,15,25795.739999999998
10010,2024-01-01T00:00:00Z,14,10958.06
10308,2023-12-01T00:00:00Z,14,20117.95
11103,2023-12-01T00:00:00Z,14,15214.01
11103,2024-01-01T00:00:00Z,14,14977.69
11103,2024-02-01T00:00:00Z,14,15214.01
11105,2023-12-01T00:00:00Z,14,13700.22
11215,2023-12-01T00:00:00Z,14,15433.55
11358,2024-03-01T00:00:00Z,14,23499.739999999998
11358,2024-01-01T00:00:00Z,13,21792.639999999996
10010,2023-12-01T00:00:00Z,12,9769.390000000001
10011,2024-02-01T00:00:00Z,12,10466.560000000001
10128,2024-02-01T00:00:00Z,12,14514.149999999998
10128,2024-03-01T00:00:00Z,12,15471.119999999999
11358,2023-12-01T00:00:00Z,12,19496.64
11365,2024-03-01T00:00:00Z,12,18610.059999999998
10011,2024-01-01T00:00:00Z,11,9443.34
11109,2024-01-01T00:00:00Z,11,13195.859999999999
11109,2024-02-01T00:00:00Z,11,13195.859999999999
11109,2024-03-01T00:00:00Z,11,13195.859999999999
11370,2024-03-01T00:00:00Z,11,16682.11
10011,2023-12-01T00:00:00Z,10,7351.24
10128,2024-01-01T00:00:00Z,10,11804.03
11365,2024-02-01T00:00:00Z,10,14913.25
11370,2024-01-01T00:00:00Z,10,16643.059999999998
11370,2024-02-01T00:00:00Z,10,15385.06
10128,2023-12-01T00:00:00Z,9,10367.41
11109,2023-12-01T00:00:00Z,9,9661.06
11427,2024-03-01T00:00:00Z,9,15690.289999999997
10014,2023-12-01T00:00:00Z,8,6992.54
10014,2024-01-01T00:00:00Z,8,6992.539999999999
10014,2024-02-01T00:00:00Z,8,6997.07
10014,2024-03-01T00:00:00Z,8,6997.07
10065,2023-12-01T00:00:00Z,8,7148
10065,2024-01-01T00:00:00Z,8,7148
10065,2024-02-01T00:00:00Z,8,7148
10065,2024-03-01T00:00:00Z,8,7021.98
11365,2024-01-01T00:00:00Z,8,11770.67
11370,2023-12-01T00:00:00Z,8,11771.42
11378,2024-01-01T00:00:00Z,8,10752.400000000001
11378,2024-02-01T00:00:00Z,8,10973.460000000001
11378,2024-03-01T00:00:00Z,8,10973.460000000001
11379,2023-12-01T00:00:00Z,8,11516.539999999999
11379,2024-01-01T00:00:00Z,8,10422.929999999998
11379,2024-02-01T00:00:00Z,8,11148.539999999999
11379,2024-03-01T00:00:00Z,8,11215.199999999999
11426,2023-12-01T00:00:00Z,8,12776.919999999998
11426,2024-03-01T00:00:00Z,8,14052.920000000002
10028,2024-01-01T00:00:00Z,7,8303.91
10028,2024-02-01T00:00:00Z,7,8303.91
10028,2024-03-01T00:00:00Z,7,8303.91
11378,2023-12-01T00:00:00Z,7,8652.4
11426,2024-01-01T00:00:00Z,7,10789.92
11427,2024-01-01T00:00:00Z,7,10553.02
10013,2024-03-01T00:00:00Z,6,4560.0999999999995
10017,2023-12-01T00:00:00Z,6,4436.83
10017,2024-01-01T00:00:00Z,6,4413.53
10017,2024-02-01T00:00:00Z,6,4436.799999999999
10017,2024-03-01T00:00:00Z,6,4436.799999999999
10021,2023-12-01T00:00:00Z,6,4532.8
10021,2024-02-01T00:00:00Z,6,4532.8
10021,2024-03-01T00:00:00Z,6,4532.8
10550,2024-02-01T00:00:00Z,6,4574
10701,2024-03-01T00:00:00Z,6,5149
11365,2023-12-01T00:00:00Z,6,7508.469999999999
11426,2024-02-01T00:00:00Z,6,9769.92
11427,2023-12-01T00:00:00Z,6,9402.55
11427,2024-02-01T00:00:00Z,6,8843.59
10013,2023-12-01T00:00:00Z,5,3669.58
10013,2024-01-01T00:00:00Z,5,3669.58
10013,2024-02-01T00:00:00Z,5,3669.58
10021,2024-01-01T00:00:00Z,5,3826.31
10075,2024-02-01T00:00:00Z,5,6173.95
10075,2024-03-01T00:00:00Z,5,6173.95
10550,2024-03-01T00:00:00Z,5,3093
11361,2023-12-01T00:00:00Z,5,8692.06
11361,2024-02-01T00:00:00Z,5,8999.06
11361,2024-03-01T00:00:00Z,5,8999.06
11364,2024-01-01T00:00:00Z,5,5060.55
11364,2024-02-01T00:00:00Z,5,5060.55
11364,2024-03-01T00:00:00Z,5,5060.55
10075,2023-12-01T00:00:00Z,4,4160.8499999999995
10075,2024-01-01T00:00:00Z,4,4138.95
10701,2024-02-01T00:00:00Z,4,2961
11357,2024-01-01T00:00:00Z,4,4014.66
11357,2024-02-01T00:00:00Z,4,4271.06
11357,2024-03-01T00:00:00Z,4,4271.06
11361,2024-01-01T00:00:00Z,4,6799.0599999999995
11362,2024-01-01T00:00:00Z,4,5994.79
11364,2023-12-01T00:00:00Z,4,4383.63
11366,2024-01-01T00:00:00Z,4,5465.8499999999995
10550,2024-01-01T00:00:00Z,3,3351
10580,2023-12-01T00:00:00Z,3,2250
11001,2024-02-01T00:00:00Z,3,3182.69
11027,2023-12-01T00:00:00Z,3,2250
11357,2023-12-01T00:00:00Z,3,3658.94
11362,2024-02-01T00:00:00Z,3,4224.79
11362,2024-03-01T00:00:00Z,3,4224.79
11366,2023-12-01T00:00:00Z,3,4335.85
11366,2024-02-01T00:00:00Z,3,3924.85
11366,2024-03-01T00:00:00Z,3,3924.85
10553,2024-03-01T00:00:00Z,2,3346
10591,2024-03-01T00:00:00Z,2,2116
10705,2024-02-01T00:00:00Z,2,2370.3199999999997
10705,2024-03-01T00:00:00Z,2,2178.3199999999997
11001,2024-01-01T00:00:00Z,2,2694.69
11001,2024-03-01T00:00:00Z,2,2694.69
11430,2023-12-01T00:00:00Z,2,3789
11430,2024-01-01T00:00:00Z,2,3789
11430,2024-02-01T00:00:00Z,2,3789
11430,2024-03-01T00:00:00Z,2,3789
11456,2023-12-01T00:00:00Z,2,1533.0500000000002
10004,2023-12-01T00:00:00Z,1,2085
10012,2023-12-01T00:00:00Z,1,759.63
10012,2024-01-01T00:00:00Z,1,1022.33
10012,2024-02-01T00:00:00Z,1,1022.33
10012,2024-03-01T00:00:00Z,1,1022.33
10235,2023-12-01T00:00:00Z,1,1125.66
10316,2023-12-01T00:00:00Z,1,1647.7
10477,2023-12-01T00:00:00Z,1,810.81
10552,2024-01-01T00:00:00Z,1,547
10553,2024-01-01T00:00:00Z,1,360
10560,2023-12-01T00:00:00Z,1,881.13
10566,2023-12-01T00:00:00Z,1,2747
10701,2024-01-01T00:00:00Z,1,339
10703,2024-01-01T00:00:00Z,1,1828
10703,2024-02-01T00:00:00Z,1,474
10703,2024-03-01T00:00:00Z,1,1539
10704,2024-02-01T00:00:00Z,1,415
10805,2024-02-01T00:00:00Z,1,1027
10918,2024-02-01T00:00:00Z,1,1908
10950,2024-02-01T00:00:00Z,1,490
11001,2023-12-01T00:00:00Z,1,1123.24
11004,2023-12-01T00:00:00Z,1,863.15
11004,2024-01-01T00:00:00Z,1,863.15
11004,2024-02-01T00:00:00Z,1,863.15
11004,2024-03-01T00:00:00Z,1,863.15
11040,2024-03-01T00:00:00Z,1,2246
11123,2023-12-01T00:00:00Z,1,1533.82
11123,2024-01-01T00:00:00Z,1,1533.82
11123,2024-02-01T00:00:00Z,1,1533.82
11123,2024-03-01T00:00:00Z,1,1533.82
11242,2023-12-01T00:00:00Z,1,1696
11242,2024-01-01T00:00:00Z,1,1696
11242,2024-02-01T00:00:00Z,1,1646
11242,2024-03-01T00:00:00Z,1,1646
11269,2023-12-01T00:00:00Z,1,1964
11362,2023-12-01T00:00:00Z,1,872
11363,2023-12-01T00:00:00Z,1,2010
11376,2023-12-01T00:00:00Z,1,1818
11431,2023-12-01T00:00:00Z,1,1704
11632,2023-12-01T00:00:00Z,1,2172
11696,2023-12-01T00:00:00Z,1,1571.94
11756,2023-12-01T00:00:00Z,1,846.75
11787,2024-01-01T00:00:00Z,1,3501
12771,2024-03-01T00:00:00Z,1,1292
13206,2024-02-01T00:00:00Z,1,284
